ContextDependency 1 0 ToPdf SE 0 [ 1 2 3 4 5 6 7 8 9 10 11 12 13 14 15 16 17 18 19 20 21 22 23 24 25 26 27 28 29 30 31 32 33 34 35 36 37 38 39 40 41 42 43 44 45 46 47 48 49 50 51 52 53 54 55 56 57 58 59 60 61 62 63 64 65 66 67 68 69 70 71 72 73 74 75 76 77 78 79 80 81 82 83 84 85 86 87 88 89 90 91 92 93 94 95 96 97 98 99 100 101 102 103 104 105 106 ]
{ SE 0 [ 1 2 3 4 5 6 7 8 9 10 11 12 13 14 15 16 17 18 19 20 21 22 23 24 25 26 27 28 29 30 31 32 33 34 35 36 37 38 39 40 41 42 43 44 45 46 47 48 49 50 51 52 53 54 ]
{ SE 0 [ 1 2 3 4 5 6 7 8 9 10 11 12 13 14 15 16 17 18 19 20 21 22 23 24 25 26 ]
{ SE 0 [ 1 2 3 4 5 6 7 8 9 10 11 12 13 14 ]
{ SE 0 [ 1 2 3 4 5 ]
{ TE -1 2 ( CE 50 CE 50 )
SE 0 [ 6 7 8 9 10 ]
{ TE -1 2 ( CE 50 CE 50 )
TE -1 2 ( CE 0 CE 0 )
} 
} 
SE 0 [ 15 16 17 18 ]
{ TE -1 2 ( CE 1 CE 1 )
SE 0 [ 19 20 21 22 ]
{ TE -1 2 ( CE 2 CE 2 )
TE -1 2 ( CE 3 CE 3 )
} 
} 
} 
SE 0 [ 27 28 29 30 31 32 33 34 35 36 37 38 ]
{ SE 0 [ 27 28 29 30 ]
{ TE -1 2 ( CE 4 CE 4 )
SE 0 [ 31 32 33 34 ]
{ TE -1 2 ( CE 5 CE 5 )
TE -1 2 ( CE 6 CE 6 )
} 
} 
SE 0 [ 39 40 41 42 43 44 45 46 ]
{ SE 0 [ 39 40 41 42 ]
{ TE -1 2 ( CE 7 CE 7 )
TE -1 2 ( CE 8 CE 8 )
} 
SE 0 [ 47 48 49 50 ]
{ TE -1 2 ( CE 9 CE 9 )
TE -1 2 ( CE 10 CE 10 )
} 
} 
} 
} 
SE 0 [ 55 56 57 58 59 60 61 62 63 64 65 66 67 68 69 70 71 72 73 74 75 76 77 78 ]
{ SE 0 [ 55 56 57 58 59 60 61 62 63 64 65 66 ]
{ SE 0 [ 55 56 57 58 ]
{ TE -1 2 ( CE 11 CE 11 )
SE 0 [ 59 60 61 62 ]
{ TE -1 2 ( CE 12 CE 12 )
TE -1 2 ( CE 13 CE 13 )
} 
} 
SE 0 [ 67 68 69 70 ]
{ TE -1 2 ( CE 14 CE 14 )
SE 0 [ 71 72 73 74 ]
{ TE -1 2 ( CE 15 CE 15 )
TE -1 2 ( CE 16 CE 16 )
} 
} 
} 
SE 0 [ 79 80 81 82 83 84 85 86 87 88 89 90 ]
{ SE 0 [ 79 80 81 82 ]
{ TE -1 2 ( CE 17 CE 17 )
SE 0 [ 83 84 85 86 ]
{ TE -1 2 ( CE 18 CE 18 )
TE -1 2 ( CE 19 CE 19 )
} 
} 
SE 0 [ 91 92 93 94 95 96 97 98 ]
{ SE 0 [ 91 92 93 94 ]
{ TE -1 2 ( CE 20 CE 20 )
TE -1 2 ( CE 21 CE 21 )
} 
SE 0 [ 99 100 101 102 ]
{ TE -1 2 ( CE 22 CE 22 )
TE -1 2 ( CE 23 CE 23 )
} 
} 
} 
} 
} 
SE 0 [ 107 108 109 110 111 112 113 114 115 116 117 118 119 120 121 122 123 124 125 126 127 128 129 130 131 132 133 134 135 136 137 138 139 140 141 142 143 144 145 146 147 148 149 150 151 152 153 154 155 156 157 158 ]
{ SE 0 [ 107 108 109 110 111 112 113 114 115 116 117 118 119 120 121 122 123 124 125 126 127 128 129 130 ]
{ SE 0 [ 107 108 109 110 111 112 113 114 115 116 117 118 ]
{ SE 0 [ 107 108 109 110 ]
{ TE -1 2 ( CE 24 CE 24 )
SE 0 [ 111 112 113 114 ]
{ TE -1 2 ( CE 25 CE 25 )
TE -1 2 ( CE 26 CE 26 )
} 
} 
SE 0 [ 119 120 121 122 ]
{ TE -1 2 ( CE 27 CE 27 )
SE 0 [ 123 124 125 126 ]
{ TE -1 2 ( CE 28 CE 28 )
TE -1 2 ( CE 29 CE 29 )
} 
} 
} 
SE 0 [ 131 132 133 134 135 136 137 138 139 140 141 142 ]
{ SE 0 [ 131 132 133 134 ]
{ TE -1 2 ( CE 30 CE 30 )
SE 0 [ 135 136 137 138 ]
{ TE -1 2 ( CE 31 CE 31 )
TE -1 2 ( CE 32 CE 32 )
} 
} 
SE 0 [ 143 144 145 146 147 148 149 150 ]
{ SE 0 [ 143 144 145 146 ]
{ TE -1 2 ( CE 33 CE 33 )
TE -1 2 ( CE 34 CE 34 )
} 
SE 0 [ 151 152 153 154 ]
{ TE -1 2 ( CE 35 CE 35 )
TE -1 2 ( CE 36 CE 36 )
} 
} 
} 
} 
SE 0 [ 159 160 161 162 163 164 165 166 167 168 169 170 171 172 173 174 175 176 177 178 179 180 181 182 ]
{ SE 0 [ 159 160 161 162 163 164 165 166 167 168 169 170 ]
{ SE 0 [ 159 160 161 162 ]
{ TE -1 2 ( CE 37 CE 37 )
SE 0 [ 163 164 165 166 ]
{ TE -1 2 ( CE 38 CE 38 )
TE -1 2 ( CE 39 CE 39 )
} 
} 
SE 0 [ 171 172 173 174 ]
{ TE -1 2 ( CE 40 CE 40 )
SE 0 [ 175 176 177 178 ]
{ TE -1 2 ( CE 41 CE 41 )
TE -1 2 ( CE 42 CE 42 )
} 
} 
} 
SE 0 [ 183 184 185 186 187 188 189 190 191 192 193 194 ]
{ SE 0 [ 183 184 185 186 ]
{ TE -1 2 ( CE 43 CE 43 )
SE 0 [ 187 188 189 190 ]
{ TE -1 2 ( CE 44 CE 44 )
TE -1 2 ( CE 45 CE 45 )
} 
} 
SE 0 [ 195 196 197 198 199 200 201 202 ]
{ SE 0 [ 195 196 197 198 ]
{ TE -1 2 ( CE 46 CE 46 )
TE -1 2 ( CE 47 CE 47 )
} 
SE 0 [ 203 204 205 206 ]
{ TE -1 2 ( CE 48 CE 48 )
TE -1 2 ( CE 49 CE 49 )
} 
} 
} 
} 
} 
} 
EndContextDependency 