1 38
2 38
3 38
4 38
5 38
11 0
12 0
13 0
14 0
15 1
16 1
17 1
18 1
19 2
20 2
21 2
22 2
23 3
24 3
25 3
26 3
27 4
28 4
29 4
30 4
31 5
32 5
33 5
34 5
35 6
36 6
37 6
38 6
39 7
40 7
41 7
42 7
43 8
44 8
45 8
46 8
47 9
48 9
49 9
50 9
51 10
52 10
53 10
54 10
55 11
56 11
57 11
58 11
59 12
60 12
61 12
62 12
63 13
64 13
65 13
66 13
67 14
68 14
69 14
70 14
71 15
72 15
73 15
74 15
75 16
76 16
77 16
78 16
79 17
80 17
81 17
82 17
83 18
84 18
85 18
86 18
87 19
88 19
89 19
90 19
91 20
92 20
93 20
94 20
95 21
96 21
97 21
98 21
99 22
100 22
101 22
102 22
103 23
104 23
105 23
106 23
107 24
108 24
109 24
110 24
111 25
112 25
113 25
114 25
115 26
116 26
117 26
118 26
119 27
120 27
121 27
122 27
123 28
124 28
125 28
126 28
127 29
128 29
129 29
130 29
131 30
132 30
133 30
134 30
135 31
136 31
137 31
138 31
139 32
140 32
141 32
142 32
143 33
144 33
145 33
146 33
147 34
148 34
149 34
150 34
151 35
152 35
153 35
154 35
155 36
156 36
157 36
158 36
159 37
160 37
161 37
162 37
163 39
164 39
165 39
166 39
167 40
168 40
169 40
170 40
171 41
172 41
173 41
174 41
175 42
176 42
177 42
178 42
179 43
180 43
181 43
182 43
183 44
184 44
185 44
186 44
187 45
188 45
189 45
190 45
191 46
192 46
193 46
194 46
195 47
196 47
197 47
198 47
199 48
200 48
201 48
202 48
203 49
204 49
205 49
206 49
207 50
208 50
209 50
210 50
